TPQ: 480
0	f0 7e 7f 9 1 f7 
0	ff 3 12 d2 b0 c2 f9 c5 ae d3 d1 b8 d6 c7 d9 c7 fa 2e 6d 69 64 
0	ff 1 f 50 73 6d 50 6c 61 79 65 72 20 56 32 2e 31 32 
0	ff 51 3 9 89 68 
0	c0 49 
0	b0 7 73 
0	c1 23 
0	b1 7 7a 
0	c2 41 
0	b2 7 7f 
0	c3 64 
0	b3 7 7f 
0	ff 58 4 2 1 18 8 
0	ff 6 3 51 30 30 
0	f0 7f 7f 4 1 0 7f f7 
0	91 32 7f 
0	92 51 7f 
220	82 51 0 
238	92 4e 7c 
238	93 45 7f 
318	83 45 0 
358	82 4e 0 
358	92 4f 78 
478	82 4f 0 
478	90 4e 74 
478	92 51 7f 
478	93 4a 7f 
500	81 32 0 
558	83 4a 0 
698	82 51 0 
718	91 32 7a 
718	92 4e 7c 
718	93 4e 7f 
798	83 4e 0 
838	82 4e 0 
838	92 4f 78 
958	80 4e 0 
958	81 32 0 
958	82 4f 0 
958	90 4c 70 
958	91 2d 7f 
958	92 51 7f 
1078	82 51 0 
1078	92 45 78 
1198	82 45 0 
1198	92 47 7c 
1198	93 45 7f 
1278	83 45 0 
1318	82 47 0 
1318	92 49 76 
1438	82 49 0 
1438	92 4a 7f 
1438	93 49 7f 
1458	81 2d 0 
1518	83 49 0 
1558	82 4a 0 
1558	92 4c 7a 
1678	80 4c 0 
1678	82 4c 0 
1678	90 4e 74 
1678	91 2d 7a 
1678	92 4e 7c 
1678	93 4c 7f 
1758	83 4c 0 
1798	80 4e 0 
1798	82 4e 0 
1798	90 4c 70 
1798	92 4f 76 
1918	81 2d 0 
1918	80 4c 0 
1918	82 4f 0 
1918	90 4a 6c 
1918	91 2f 7f 
1918	92 4e 7f 
2138	82 4e 0 
2158	80 4a 0 
2158	92 4a 7c 
2158	93 42 7f 
2238	83 42 0 
2278	82 4a 0 
2278	92 4c 78 
2398	82 4c 0 
2398	90 4a 74 
2398	92 4e 7f 
2398	93 47 7f 
2418	81 2f 0 
2478	83 47 0 
2618	82 4e 0 
2638	91 2f 7a 
2638	92 42 7c 
2638	93 4a 7f 
2718	83 4a 0 
2758	82 42 0 
2758	92 43 78 
2878	80 4a 0 
2878	81 2f 0 
2878	82 43 0 
2878	90 4e 70 
2878	91 2a 7f 
2878	92 45 7f 
2998	82 45 0 
2998	92 47 78 
3118	82 47 0 
3118	92 45 7c 
3118	93 42 7f 
3198	83 42 0 
3238	82 45 0 
3238	92 43 76 
3358	82 43 0 
3358	92 45 7f 
3358	93 45 7f 
3378	81 2a 0 
3438	83 45 0 
3478	82 45 0 
3478	92 4a 7a 
3598	80 4e 0 
3598	82 4a 0 
3598	90 4c 74 
3598	91 2a 7a 
3598	92 49 7c 
3598	93 49 7f 
3678	83 49 0 
3718	80 4c 0 
3718	82 49 0 
3718	90 4a 70 
3718	92 4a 76 
3838	81 2a 0 
3838	80 4a 0 
3838	82 4a 0 
3838	90 47 74 
3838	91 2b 7f 
3838	92 43 7f 
4058	82 43 0 
4078	92 47 7c 
4078	93 3e 7f 
4158	83 3e 0 
4198	82 47 0 
4198	92 45 78 
4318	82 45 0 
4318	92 43 7f 
4318	93 43 7f 
4338	81 2b 0 
4398	83 43 0 
4538	82 43 0 
4558	91 2b 7a 
4558	92 42 7c 
4558	93 47 7f 
4638	83 47 0 
4678	82 42 0 
4678	92 40 78 
4798	80 47 0 
4798	81 2b 0 
4798	82 40 0 
4798	90 45 70 
4798	91 26 7f 
4798	92 42 7f 
4918	82 42 0 
4918	92 40 78 
5038	82 40 0 
5038	92 3e 7c 
5038	93 3e 7f 
5118	83 3e 0 
5158	82 3e 0 
5158	92 40 76 
5278	82 40 0 
5278	92 42 7f 
5278	93 42 7f 
5298	81 26 0 
5358	83 42 0 
5398	82 42 0 
5398	92 43 7a 
5518	82 43 0 
5518	91 26 7a 
5518	92 45 7c 
5518	93 45 7f 
5598	83 45 0 
5638	82 45 0 
5638	92 47 76 
5758	80 45 0 
5758	81 26 0 
5758	82 47 0 
5758	90 47 74 
5758	91 2b 7f 
5758	92 43 7f 
5978	82 43 0 
5998	92 47 7c 
5998	93 3e 7f 
6078	83 3e 0 
6118	82 47 0 
6118	92 45 78 
6238	82 45 0 
6238	92 47 7f 
6238	93 43 7f 
6258	81 2b 0 
6318	83 43 0 
6458	82 47 0 
6478	80 47 0 
6478	90 46 74 
6478	91 2b 7a 
6478	92 49 7c 
6478	93 47 7f 
6558	83 47 0 
6598	80 46 0 
6598	82 49 0 
6598	90 47 70 
6598	92 4a 78 
6718	81 2b 0 
6718	80 47 0 
6718	82 4a 0 
6718	90 49 74 
6718	91 2d 7a 
6718	92 45 7f 
6838	82 45 0 
6838	92 47 78 
6928	81 2d 0 
6958	80 49 0 
6958	82 47 0 
6958	90 4a 70 
6958	91 2d 7f 
6958	92 49 7c 
6958	93 40 7f 
7038	83 40 0 
7078	82 49 0 
7078	92 4a 76 
7198	80 4a 0 
7198	82 4a 0 
7198	90 4c 74 
7198	92 4c 7f 
7198	93 45 7f 
7278	83 45 0 
7318	82 4c 0 
7318	92 4e 7a 
7408	81 2d 0 
7438	82 4e 0 
7438	91 2d 78 
7438	92 4f 7c 
7438	93 49 7f 
7518	83 49 0 
7558	82 4f 0 
7558	92 51 7f 
7678	80 4c 0 
7678	81 2d 0 
7678	82 51 0 
7678	90 4a 78 
7678	91 32 7f 
7678	92 4e 7f 
7898	82 4e 0 
7918	92 4a 7c 
7918	93 45 7f 
7998	83 45 0 
8038	82 4a 0 
8038	92 4c 78 
8158	82 4c 0 
8158	92 4e 7f 
8158	93 4a 7f 
8178	81 32 0 
8238	83 4a 0 
8378	82 4e 0 
8398	91 32 7a 
8398	92 4c 7c 
8398	93 4e 7f 
8478	83 4e 0 
8518	82 4c 0 
8518	92 4a 78 
8638	80 4a 0 
8638	81 32 0 
8638	82 4a 0 
8638	90 49 70 
8638	91 2d 7f 
8638	92 4c 7f 
8758	82 4c 0 
8758	92 49 78 
8878	82 49 0 
8878	92 4a 7c 
8878	93 45 7f 
8958	83 45 0 
8998	82 4a 0 
8998	92 4c 76 
9118	82 4c 0 
9118	92 4e 7f 
9118	93 49 7f 
9138	81 2d 0 
9198	83 49 0 
9238	82 4e 0 
9238	92 4c 7a 
9358	80 49 0 
9358	82 4c 0 
9358	90 4a 74 
9358	91 2d 7a 
9358	92 4a 7c 
9358	93 4c 7f 
9438	83 4c 0 
9478	80 4a 0 
9478	82 4a 0 
9478	90 49 70 
9478	92 49 76 
9598	81 2d 0 
9598	80 49 0 
9598	82 49 0 
9598	90 47 6c 
9598	91 2f 7f 
9598	92 4a 7f 
9818	82 4a 0 
9838	80 47 0 
9838	92 47 7c 
9838	93 42 7f 
9918	83 42 0 
9958	82 47 0 
9958	92 49 78 
10078	82 49 0 
10078	90 47 70 
10078	92 4a 7f 
10078	93 47 7f 
10098	81 2f 0 
10158	83 47 0 
10298	82 4a 0 
10318	91 2f 7a 
10318	92 3e 7c 
10318	93 4a 7f 
10398	83 4a 0 
10438	82 3e 0 
10438	92 40 78 
10558	80 47 0 
10558	81 2f 0 
10558	82 40 0 
10558	90 4a 74 
10558	91 2a 7f 
10558	92 42 7f 
10678	82 42 0 
10678	92 43 78 
10798	82 43 0 
10798	92 42 7c 
10798	93 42 7f 
10878	83 42 0 
10918	82 42 0 
10918	92 40 76 
11038	82 40 0 
11038	92 42 7f 
11038	93 45 7f 
11058	81 2a 0 
11118	83 45 0 
11158	82 42 0 
11158	92 4a 7a 
11278	80 4a 0 
11278	82 4a 0 
11278	90 49 70 
11278	91 2a 7a 
11278	92 49 7c 
11278	93 49 7f 
11358	83 49 0 
11398	82 49 0 
11398	92 4a 76 
11518	80 49 0 
11518	81 2a 0 
11518	82 4a 0 
11518	90 4a 74 
11518	91 2b 7f 
11518	92 47 7f 
11738	82 47 0 
11758	92 4a 7c 
11758	93 3e 7f 
11838	83 3e 0 
11878	82 4a 0 
11878	92 49 78 
11998	82 49 0 
11998	92 47 7f 
11998	93 43 7f 
12018	81 2b 0 
12078	83 43 0 
12198	80 4a 0 
12218	82 47 0 
12238	90 4a 74 
12238	91 2b 7a 
12238	92 45 7c 
12238	93 47 7f 
12318	83 47 0 
12358	80 4a 0 
12358	82 45 0 
12358	90 4c 70 
12358	92 43 78 
12478	81 2b 0 
12478	80 4c 0 
12478	82 43 0 
12478	90 4e 74 
12478	91 26 7f 
12478	92 45 7f 
12598	82 45 0 
12598	92 43 78 
12718	82 43 0 
12718	92 42 7c 
12718	93 3e 7f 
12798	83 3e 0 
12838	82 42 0 
12838	92 43 76 
12958	80 4e 0 
12958	82 43 0 
12958	90 4a 74 
12958	92 45 7f 
12958	93 42 7f 
12978	81 26 0 
13038	83 42 0 
13078	82 45 0 
13078	92 47 7a 
13198	80 4a 0 
13198	82 47 0 
13198	90 49 70 
13198	91 26 7a 
13198	92 49 7c 
13198	93 45 7f 
13278	83 45 0 
13318	82 49 0 
13318	92 4a 76 
13438	80 49 0 
13438	81 26 0 
13438	82 4a 0 
13438	90 4a 74 
13438	91 2b 7f 
13438	92 47 7f 
13658	82 47 0 
13678	92 4a 7c 
13678	93 3e 7f 
13758	83 3e 0 
13798	82 4a 0 
13798	92 49 78 
13918	80 4a 0 
13918	82 49 0 
13918	90 4f 70 
13918	92 4a 7f 
13918	93 43 7f 
13938	81 2b 0 
13998	83 43 0 
14138	82 4a 0 
14158	91 2b 7a 
14158	92 49 7c 
14158	93 47 7f 
14238	83 47 0 
14278	82 49 0 
14278	92 47 78 
14398	80 4f 0 
14398	81 2b 0 
14398	82 47 0 
14398	90 4c 74 
14398	91 2d 7a 
14398	92 49 7f 
14518	82 49 0 
14518	92 4a 78 
14608	81 2d 0 
14638	82 4a 0 
14638	91 2d 7f 
14638	92 4c 7c 
14638	93 40 7f 
14718	83 40 0 
14758	82 4c 0 
14758	92 4a 76 
14878	82 4a 0 
14878	92 49 7f 
14878	93 45 7f 
14958	83 45 0 
14998	82 49 0 
14998	92 4a 7a 
15088	81 2d 0 
15118	80 4c 0 
15118	82 4a 0 
15118	90 4a 74 
15118	91 2d 78 
15118	92 47 7c 
15118	93 49 7f 
15198	83 49 0 
15238	80 4a 0 
15238	82 47 0 
15238	90 4c 70 
15238	92 49 7f 
15358	81 2d 0 
15358	80 4c 0 
15358	82 49 0 
15358	ff 58 4 2 1 18 8 
15358	ff 6 3 51 30 46 
15358	ff 2f 0 
